500
1 10 327
2 97 133
3 12 904
4 56 410
5 31 778
6 1 196
7 38 492
8 65 186
9 69 442
10 86 778
11 2 680
12 71 645
13 25 905
14 8 711
15 37 866
16 28 288
17 31 87
18 93 239
19 40 47
20 88 165
21 59 785
22 30 530
23 76 344
24 38 581
25 60 936
26 60 274
27 28 221
28 53 286
29 39 58
30 28 36
31 4 428
32 96 415
33 13 209
34 91 239
35 46 345
36 59 366
37 73 864
38 7 656
39 52 875
40 60 912
41 71 86
42 20 433
43 88 371
44 75 888
45 12 606
46 49 400
47 28 151
48 83 161
49 27 126
50 0 985
51 90 762
52 38 923
53 93 905
54 73 813
55 8 964
56 0 739
57 27 875
58 72 954
59 89 217
60 93 495
61 99 369
62 66 722
63 42 339
64 67 845
65 54 128
66 92 454
67 26 800
68 45 409
69 48 323
70 44 453
71 75 120
72 47 446
73 98 417
74 94 948
75 67 540
76 91 971
77 68 548
78 12 528
79 12 542
80 77 115
81 17 281
82 47 541
83 40 825
84 84 995
85 14 634
86 0 298
87 82 89
88 70 113
89 98 481
90 64 277
91 23 283
92 64 205
93 67 311
94 19 121
95 97 473
96 65 80
97 88 465
98 13 593
99 44 327
100 50 556
101 5 940
102 28 53
103 20 242
104 32 66
105 87 632
106 64 973
107 80 305
108 2 97
109 53 124
110 27 415
111 54 828
112 66 554
113 47 418
114 37 669
115 12 958
116 20 661
117 55 960
118 86 407
119 41 624
120 48 372
121 67 97
122 46 259
123 94 399
124 75 566
125 29 62
126 8 818
127 94 921
128 6 704
129 55 849
130 44 148
131 78 519
132 31 360
133 3 958
134 28 343
135 89 516
136 49 333
137 88 675
138 0 541
139 14 729
140 44 767
141 75 784
142 6 300
143 97 946
144 59 834
145 15 321
146 22 500
147 73 358
148 96 722
149 5 840
150 87 317
151 41 836
152 88 191
153 77 297
154 52 500
155 82 853
156 85 399
157 84 615
158 68 279
159 99 793
160 22 792
161 12 19
162 31 468
163 54 457
164 90 479
165 58 259
166 27 597
167 64 603
168 5 399
169 7 467
170 96 491
171 41 787
172 34 736
173 26 332
174 11 42
175 69 879
176 11 811
177 4 89
178 3 461
179 8 138
180 40 561
181 37 196
182 47 282
183 91 878
184 60 525
185 25 365
186 30 761
187 88 819
188 38 589
189 84 495
190 55 976
191 2 152
192 61 754
193 65 864
194 1 430
195 15 859
196 53 373
197 31 957
198 89 744
199 44 723
200 64 580
201 27 254
202 55 855
203 85 469
204 38 933
205 15 831
206 56 889
207 19 340
208 62 240
209 79 370
210 31 681
211 51 402
212 98 409
213 38 598
214 91 213
215 13 28
216 51 673
217 86 965
218 42 213
219 55 975
220 58 727
221 61 929
222 74 878
223 38 455
224 56 105
225 73 350
226 31 58
227 53 247
228 23 491
229 36 392
230 66 446
231 46 486
232 3 332
233 52 265
234 33 52
235 82 893
236 42 670
237 69 320
238 36 533
239 5 672
240 72 914
241 55 680
242 10 336
243 88 550
244 68 382
245 13 186
246 26 741
247 85 436
248 29 430
249 88 948
250 38 834
251 15 769
252 22 887
253 68 921
254 43 690
255 28 249
256 90 314
257 41 898
258 47 364
259 81 298
260 89 372
261 3 761
262 90 611
263 68 517
264 17 515
265 67 806
266 38 126
267 25 752
268 82 915
269 28 731
270 96 584
271 41 879
272 46 968
273 27 38
274 24 478
275 86 655
276 97 614
277 16 490
278 44 572
279 63 635
280 15 672
281 43 237
282 17 462
283 17 367
284 57 123
285 36 70
286 0 622
287 74 203
288 28 334
289 58 523
290 27 835
291 21 466
292 89 138
293 43 912
294 46 297
295 28 878
296 18 18
297 43 926
298 27 325
299 85 913
300 72 928
301 85 646
302 66 782
303 54 536
304 43 586
305 50 716
306 9 759
307 98 460
308 82 162
309 85 458
310 53 83
311 21 794
312 11 385
313 43 350
314 23 783
315 23 400
316 3 772
317 17 424
318 69 980
319 66 622
320 84 473
321 65 697
322 30 890
323 87 976
324 45 253
325 21 430
326 65 159
327 58 62
328 66 852
329 96 461
330 3 60
331 83 705
332 14 626
333 15 89
334 24 225
335 25 875
336 67 916
337 49 601
338 18 371
339 58 713
340 69 949
341 75 424
342 46 463
343 17 469
344 71 902
345 1 253
346 25 873
347 47 805
348 88 941
349 43 671
350 84 309
351 39 381
352 60 331
353 53 414
354 37 982
355 71 950
356 97 594
357 84 95
358 99 372
359 40 290
360 6 461
361 98 673
362 90 902
363 25 346
364 95 606
365 78 910
366 1 555
367 13 345
368 46 929
369 78 630
370 18 94
371 84 646
372 56 859
373 58 533
374 30 941
375 26 256
376 66 212
377 44 283
378 2 649
379 88 616
380 21 239
381 35 788
382 99 608
383 13 664
384 35 35
385 62 974
386 2 268
387 15 485
388 63 216
389 92 284
390 81 163
391 40 224
392 1 809
393 2 355
394 96 556
395 1 474
396 79 269
397 14 49
398 73 210
399 66 926
400 85 414
401 64 715
402 29 176
403 11 910
404 22 328
405 87 204
406 97 255
407 72 286
408 13 63
409 48 983
410 50 996
411 59 258
412 29 262
413 24 506
414 21 588
415 25 513
416 9 496
417 81 507
418 7 790
419 13 167
420 85 410
421 93 830
422 94 612
423 8 198
424 27 915
425 7 650
426 42 644
427 50 808
428 19 735
429 83 810
430 73 800
431 44 994
432 75 944
433 91 755
434 52 75
435 24 130
436 63 276
437 1 784
438 55 381
439 96 168
440 51 591
441 10 680
442 53 405
443 91 310
444 52 577
445 26 971
446 34 897
447 30 901
448 67 853
449 17 937
450 11 44
451 8 194
452 50 724
453 15 49
454 70 435
455 11 298
456 80 797
457 69 83
458 35 541
459 92 158
460 49 302
461 94 768
462 44 126
463 59 921
464 56 269
465 91 115
466 5 997
467 57 379
468 28 286
469 20 837
470 29 786
471 89 995
472 64 887
473 72 165
474 8 849
475 63 734
476 18 579
477 77 359
478 78 404
479 64 359
480 3 845
481 26 547
482 91 202
483 92 138
484 30 819
485 75 575
486 93 616
487 62 639
488 37 806
489 88 346
490 63 416
491 36 605
492 19 684
493 6 369
494 50 454
495 40 52
496 53 677
497 45 576
498 26 311
499 96 738
500 80 476
