500
1 67 662
2 79 575
3 21 594
4 26 998
5 16 190
6 66 199
7 81 746
8 40 926
9 21 914
10 21 211
11 9 604
12 2 933
13 24 541
14 45 292
15 23 198
16 6 346
17 18 710
18 7 482
19 81 174
20 36 638
21 14 201
22 84 740
23 90 453
24 96 320
25 54 803
26 8 256
27 91 168
28 31 106
29 39 309
30 22 386
31 95 242
32 69 100
33 38 487
34 18 82
35 59 563
36 86 260
37 62 431
38 58 776
39 46 312
40 37 110
41 47 915
42 2 869
43 98 868
44 92 164
45 78 593
46 52 592
47 82 622
48 15 650
49 62 249
50 36 117
51 18 275
52 28 271
53 16 630
54 49 807
55 58 287
56 20 180
57 60 167
58 62 779
59 75 867
60 61 828
61 98 694
62 14 338
63 88 505
64 38 765
65 75 540
66 21 496
67 15 843
68 34 46
69 5 514
70 57 729
71 61 537
72 49 400
73 30 913
74 50 133
75 25 210
76 37 965
77 37 352
78 93 473
79 14 570
80 91 951
81 35 610
82 37 411
83 37 734
84 64 674
85 8 816
86 81 733
87 52 413
88 52 662
89 76 802
90 96 436
91 49 424
92 74 373
93 43 116
94 41 191
95 19 679
96 5 625
97 16 962
98 15 654
99 64 806
100 93 748
101 9 579
102 95 618
103 89 496
104 72 408
105 58 655
106 68 854
107 10 532
108 74 519
109 10 792
110 82 687
111 95 429
112 74 512
113 2 313
114 60 534
115 72 909
116 22 141
117 77 636
118 5 350
119 94 796
120 43 797
121 81 174
122 72 311
123 28 108
124 62 401
125 8 455
126 8 367
127 59 145
128 4 606
129 19 977
130 45 111
131 66 86
132 67 965
133 87 316
134 56 822
135 47 303
136 83 629
137 31 469
138 83 438
139 23 419
140 18 64
141 20 751
142 82 988
143 90 825
144 24 654
145 77 355
146 43 878
147 77 593
148 68 623
149 96 647
150 28 951
151 26 313
152 97 552
153 3 63
154 8 593
155 8 249
156 38 225
157 43 302
158 1 859
159 28 195
160 50 649
161 92 638
162 69 750
163 65 697
164 13 66
165 34 390
166 72 630
167 1 471
168 77 109
169 70 772
170 64 509
171 90 723
172 37 356
173 79 96
174 69 534
175 42 696
176 82 124
177 26 747
178 70 978
179 51 411
180 13 990
181 83 278
182 42 988
183 72 704
184 34 79
185 18 575
186 67 674
187 38 957
188 57 175
189 14 864
190 58 835
191 63 961
192 7 425
193 89 393
194 65 350
195 86 558
196 33 657
197 30 858
198 28 360
199 33 665
200 66 867
201 10 719
202 37 743
203 82 984
204 52 993
205 44 806
206 8 332
207 47 325
208 35 488
209 64 753
210 43 896
211 15 261
212 89 702
213 12 32
214 23 334
215 74 927
216 91 930
217 54 584
218 97 501
219 80 578
220 31 598
221 40 87
222 99 99
223 83 119
224 92 837
225 52 415
226 60 854
227 40 817
228 85 314
229 40 605
230 91 757
231 10 689
232 78 319
233 71 987
234 73 799
235 20 937
236 26 134
237 90 302
238 78 173
239 18 975
240 59 685
241 24 312
242 80 408
243 67 945
244 77 120
245 70 127
246 96 418
247 22 897
248 19 331
249 56 674
250 63 817
251 16 268
252 52 897
253 54 245
254 62 140
255 60 935
256 4 611
257 36 860
258 98 972
259 87 716
260 40 677
261 6 724
262 41 702
263 49 719
264 58 859
265 21 473
266 96 972
267 78 114
268 79 270
269 77 828
270 7 897
271 81 319
272 78 782
273 53 118
274 84 993
275 93 96
276 72 179
277 29 746
278 68 463
279 91 610
280 22 902
281 51 598
282 44 238
283 77 750
284 29 815
285 74 123
286 69 637
287 46 211
288 91 816
289 49 278
290 40 172
291 36 875
292 87 271
293 62 133
294 83 224
295 80 537
296 65 950
297 13 391
298 78 872
299 78 388
300 11 310
301 45 215
302 75 614
303 50 499
304 33 360
305 14 534
306 7 628
307 96 191
308 22 992
309 10 821
310 31 280
311 5 514
312 21 685
313 51 518
314 8 726
315 76 887
316 89 448
317 66 146
318 55 193
319 14 930
320 53 466
321 48 175
322 61 895
323 82 603
324 97 531
325 52 705
326 96 161
327 21 980
328 47 487
329 18 315
330 76 926
331 59 591
332 74 993
333 22 877
334 43 221
335 53 974
336 47 137
337 26 380
338 50 601
339 61 175
340 55 903
341 16 749
342 61 770
343 73 537
344 50 653
345 81 692
346 99 189
347 43 282
348 72 745
349 81 355
350 76 761
351 47 253
352 71 515
353 72 408
354 89 299
355 65 536
356 58 989
357 6 740
358 48 350
359 71 586
360 96 521
361 20 194
362 29 252
363 9 155
364 69 186
365 17 100
366 26 788
367 68 266
368 28 461
369 18 840
370 99 171
371 86 91
372 20 150
373 71 91
374 15 190
375 18 652
376 31 515
377 87 749
378 86 883
379 60 967
380 74 577
381 52 935
382 68 101
383 85 422
384 11 802
385 77 483
386 68 198
387 13 78
388 42 335
389 38 262
390 55 114
391 47 369
392 93 351
393 87 805
394 93 147
395 1 500
396 47 464
397 53 376
398 84 859
399 25 996
400 64 317
401 72 754
402 56 567
403 93 870
404 80 228
405 11 867
406 68 523
407 16 287
408 68 332
409 31 367
410 79 480
411 59 364
412 36 203
413 65 719
414 20 395
415 80 776
416 55 110
417 71 725
418 59 746
419 2 868
420 5 495
421 75 362
422 85 87
423 80 996
424 97 597
425 8 168
426 40 596
427 58 465
428 40 906
429 74 771
430 97 850
431 35 492
432 0 707
433 55 876
434 41 613
435 81 707
436 15 696
437 25 59
438 12 364
439 55 862
440 43 785
441 21 321
442 12 368
443 18 872
444 17 884
445 50 990
446 35 249
447 69 551
448 3 709
449 79 332
450 5 916
451 61 291
452 52 273
453 33 151
454 87 738
455 53 249
456 20 154
457 18 478
458 63 733
459 52 904
460 69 747
461 5 157
462 94 743
463 26 380
464 23 701
465 79 123
466 88 174
467 71 365
468 21 100
469 83 747
470 55 308
471 79 480
472 62 499
473 87 806
474 33 187
475 35 514
476 93 371
477 62 267
478 1 125
479 7 742
480 69 410
481 71 599
482 98 937
483 97 770
484 38 452
485 72 283
486 28 132
487 1 738
488 90 414
489 1 252
490 97 311
491 71 925
492 1 386
493 21 649
494 21 949
495 10 505
496 41 678
497 12 511
498 15 190
499 93 668
500 79 620
