500
1 8 758
2 22 455
3 45 428
4 44 346
5 39 129
6 4 643
7 25 603
8 24 773
9 30 663
10 23 100
11 30 446
12 87 316
13 5 661
14 50 589
15 38 837
16 35 257
17 9 828
18 24 956
19 37 436
20 20 932
21 93 320
22 34 901
23 56 286
24 84 747
25 82 431
26 41 744
27 84 955
28 79 863
29 67 114
30 25 743
31 37 731
32 19 976
33 37 646
34 56 195
35 60 341
36 93 804
37 36 760
38 75 432
39 84 678
40 19 322
41 76 549
42 51 788
43 90 314
44 72 879
45 89 389
46 90 599
47 93 425
48 63 437
49 3 89
50 76 999
51 95 804
52 68 86
53 83 797
54 15 56
55 93 500
56 22 388
57 28 945
58 99 968
59 91 205
60 43 952
61 43 693
62 2 725
63 2 193
64 87 216
65 91 185
66 13 556
67 16 218
68 62 555
69 26 930
70 77 383
71 60 929
72 5 944
73 63 171
74 95 941
75 60 458
76 88 603
77 45 917
78 25 567
79 89 610
80 63 996
81 2 677
82 99 795
83 26 61
84 48 155
85 70 336
86 58 591
87 56 965
88 31 923
89 19 146
90 56 979
91 95 899
92 91 533
93 88 763
94 50 969
95 72 807
96 83 129
97 75 667
98 69 680
99 54 780
100 85 512
101 33 926
102 90 183
103 50 183
104 22 821
105 11 210
106 38 515
107 58 265
108 52 230
109 79 514
110 83 733
111 2 600
112 22 291
113 35 673
114 61 840
115 94 237
116 88 202
117 42 743
118 41 929
119 69 587
120 80 713
121 64 502
122 61 93
123 73 694
124 62 873
125 2 93
126 54 745
127 52 842
128 49 926
129 44 372
130 49 853
131 65 248
132 52 385
133 70 971
134 47 887
135 69 502
136 98 887
137 52 135
138 53 785
139 22 792
140 63 598
141 50 922
142 40 831
143 92 295
144 80 837
145 16 372
146 78 688
147 15 693
148 98 707
149 35 487
150 83 828
151 2 320
152 20 190
153 22 493
154 41 260
155 88 357
156 17 926
157 98 541
158 49 114
159 89 644
160 19 404
161 3 220
162 28 191
163 89 466
164 30 772
165 64 855
166 95 183
167 81 191
168 10 447
169 71 224
170 59 941
171 40 793
172 37 818
173 30 904
174 93 758
175 3 515
176 90 642
177 7 151
178 51 443
179 90 427
180 40 903
181 66 279
182 61 184
183 45 376
184 51 550
185 1 857
186 9 515
187 83 906
188 58 943
189 75 131
190 87 619
191 87 696
192 4 83
193 38 156
194 30 551
195 18 223
196 40 628
197 59 389
198 98 250
199 98 405
200 81 368
201 67 833
202 96 273
203 46 90
204 70 148
205 76 379
206 17 660
207 60 172
208 58 419
209 55 770
210 26 479
211 34 235
212 93 710
213 73 325
214 93 328
215 37 769
216 90 91
217 94 300
218 27 714
219 89 761
220 79 674
221 49 548
222 69 221
223 98 291
224 36 535
225 23 489
226 31 743
227 61 739
228 85 262
229 16 585
230 4 986
231 53 57
232 23 144
233 92 967
234 48 149
235 30 771
236 14 328
237 27 418
238 4 643
239 74 787
240 6 194
241 89 837
242 9 60
243 47 87
244 18 544
245 75 101
246 89 770
247 66 326
248 40 130
249 76 523
250 41 298
251 51 282
252 87 997
253 85 600
254 50 686
255 55 96
256 28 258
257 77 480
258 24 661
259 72 904
260 85 788
261 46 901
262 78 819
263 25 815
264 60 405
265 78 367
266 55 685
267 27 475
268 34 237
269 75 461
270 34 749
271 37 680
272 74 256
273 56 183
274 80 895
275 45 137
276 25 218
277 73 150
278 37 220
279 5 202
280 17 845
281 39 217
282 46 69
283 31 890
284 39 911
285 29 732
286 94 985
287 45 947
288 75 662
289 72 853
290 80 278
291 97 930
292 8 363
293 77 664
294 34 469
295 78 942
296 69 323
297 78 499
298 38 481
299 26 949
300 77 423
301 24 629
302 0 961
303 62 118
304 48 391
305 84 284
306 37 877
307 93 516
308 44 667
309 21 226
310 43 485
311 77 196
312 57 466
313 91 812
314 23 99
315 72 369
316 41 920
317 15 731
318 57 469
319 0 452
320 93 752
321 29 825
322 27 149
323 24 588
324 74 613
325 85 483
326 70 422
327 29 258
328 9 22
329 23 729
330 0 24
331 93 523
332 12 957
333 67 546
334 77 939
335 4 850
336 34 299
337 21 484
338 34 108
339 42 796
340 86 114
341 21 96
342 97 704
343 54 397
344 8 39
345 93 765
346 66 762
347 38 132
348 19 603
349 90 514
350 39 673
351 8 672
352 78 154
353 87 935
354 74 92
355 27 635
356 88 233
357 98 210
358 2 355
359 4 6
360 56 629
361 33 335
362 61 960
363 86 266
364 85 162
365 42 58
366 61 694
367 43 51
368 87 200
369 63 906
370 34 163
371 56 553
372 12 759
373 59 313
374 38 902
375 24 651
376 7 710
377 51 376
378 89 450
379 41 872
380 13 815
381 55 325
382 93 402
383 2 742
384 43 717
385 66 631
386 75 328
387 32 145
388 69 918
389 29 629
390 92 727
391 53 982
392 70 569
393 72 279
394 94 539
395 40 263
396 62 835
397 7 171
398 60 831
399 71 287
400 47 125
401 23 735
402 89 478
403 87 627
404 32 726
405 39 524
406 22 459
407 60 693
408 5 231
409 59 979
410 87 151
411 42 577
412 45 941
413 88 916
414 54 248
415 33 717
416 19 144
417 38 141
418 76 846
419 14 558
420 53 385
421 69 79
422 22 304
423 7 575
424 60 927
425 93 606
426 17 451
427 76 442
428 26 585
429 34 368
430 71 851
431 64 498
432 66 749
433 64 439
434 0 212
435 0 551
436 76 911
437 43 694
438 89 450
439 85 122
440 34 688
441 61 271
442 4 998
443 88 332
444 57 544
445 23 625
446 74 716
447 37 92
448 18 115
449 92 431
450 32 51
451 61 150
452 61 160
453 98 329
454 91 310
455 79 250
456 17 271
457 95 631
458 36 695
459 28 377
460 9 108
461 81 556
462 69 368
463 83 691
464 85 122
465 30 697
466 81 944
467 10 886
468 87 476
469 77 863
470 64 686
471 71 260
472 15 667
473 11 31
474 5 58
475 71 213
476 40 490
477 75 345
478 90 727
479 98 448
480 4 509
481 31 705
482 88 250
483 18 423
484 59 340
485 9 380
486 79 691
487 0 396
488 53 147
489 30 373
490 6 35
491 54 676
492 60 134
493 54 845
494 46 459
495 71 280
496 59 657
497 21 192
498 66 891
499 85 525
500 29 247
