500
1 37 780
2 6 19
3 14 241
4 93 152
5 87 472
6 85 614
7 34 688
8 15 583
9 84 199
10 48 603
11 55 492
12 81 591
13 27 625
14 59 855
15 99 435
16 1 870
17 4 793
18 15 45
19 50 882
20 83 458
21 96 127
22 78 330
23 41 705
24 6 758
25 70 479
26 5 549
27 78 801
28 84 805
29 39 249
30 73 463
31 15 332
32 41 551
33 63 723
34 66 213
35 83 345
36 65 927
37 82 651
38 35 165
39 12 304
40 2 452
41 13 477
42 97 974
43 15 488
44 7 500
45 18 644
46 24 94
47 83 926
48 28 815
49 83 964
50 37 41
51 49 511
52 83 399
53 47 770
54 86 564
55 9 333
56 0 970
57 39 54
58 68 196
59 85 802
60 22 843
61 35 803
62 27 201
63 61 554
64 35 555
65 79 864
66 6 927
67 45 839
68 36 737
69 39 128
70 1 417
71 95 544
72 84 519
73 55 100
74 33 980
75 0 603
76 88 926
77 75 544
78 4 62
79 43 890
80 57 60
81 75 174
82 90 396
83 98 623
84 46 521
85 80 199
86 81 313
87 19 765
88 25 749
89 70 464
90 10 485
91 32 957
92 18 314
93 37 374
94 9 982
95 44 546
96 41 506
97 44 263
98 41 74
99 96 456
100 83 920
101 40 211
102 70 574
103 35 673
104 45 914
105 14 410
106 17 834
107 18 666
108 13 415
109 61 193
110 35 322
111 45 771
112 18 219
113 33 886
114 46 246
115 88 946
116 8 371
117 35 347
118 75 280
119 50 442
120 54 100
121 90 614
122 79 130
123 54 387
124 22 976
125 67 184
126 10 992
127 52 758
128 77 852
129 70 711
130 67 279
131 17 410
132 65 271
133 55 717
134 14 409
135 37 228
136 49 260
137 82 347
138 92 711
139 30 624
140 20 108
141 88 660
142 34 151
143 3 179
144 22 90
145 60 205
146 30 164
147 23 874
148 86 660
149 38 973
150 65 881
151 62 625
152 78 667
153 51 251
154 15 286
155 68 405
156 98 743
157 31 487
158 39 410
159 30 134
160 81 147
161 18 954
162 0 234
163 6 746
164 90 643
165 99 158
166 85 504
167 55 984
168 44 160
169 0 219
170 18 655
171 47 956
172 99 824
173 84 555
174 32 140
175 88 738
176 97 761
177 40 742
178 45 810
179 27 763
180 82 871
181 99 327
182 30 666
183 4 399
184 5 196
185 82 369
186 67 179
187 76 979
188 56 93
189 16 165
190 86 946
191 33 239
192 72 398
193 98 745
194 37 705
195 9 118
196 86 961
197 41 463
198 23 310
199 91 145
200 99 178
201 23 632
202 71 708
203 93 671
204 53 453
205 66 963
206 13 786
207 45 234
208 88 374
209 77 982
210 83 460
211 5 809
212 46 738
213 41 442
214 98 247
215 66 922
216 91 667
217 65 490
218 6 546
219 96 494
220 62 804
221 26 483
222 93 369
223 69 262
224 18 837
225 72 814
226 61 845
227 25 329
228 94 575
229 95 305
230 49 594
231 1 805
232 61 218
233 92 431
234 48 214
235 13 359
236 39 274
237 61 834
238 10 17
239 76 439
240 22 140
241 24 292
242 49 297
243 12 939
244 14 455
245 8 636
246 81 371
247 98 481
248 45 937
249 66 423
250 48 736
251 31 545
252 95 239
253 50 199
254 51 366
255 98 295
256 75 320
257 84 449
258 0 399
259 67 642
260 9 31
261 31 936
262 98 248
263 87 846
264 62 261
265 29 94
266 24 791
267 66 298
268 27 175
269 49 462
270 42 721
271 96 993
272 11 566
273 48 597
274 33 937
275 88 996
276 68 284
277 25 379
278 44 373
279 60 951
280 22 413
281 0 342
282 30 545
283 30 81
284 20 418
285 27 371
286 5 492
287 25 189
288 12 288
289 92 469
290 38 993
291 66 854
292 71 364
293 64 461
294 26 120
295 35 223
296 51 336
297 76 584
298 59 898
299 96 583
300 7 322
301 27 974
302 5 187
303 37 857
304 83 716
305 37 630
306 41 881
307 21 781
308 78 654
309 34 881
310 29 143
311 30 588
312 30 688
313 32 781
314 70 606
315 63 944
316 15 299
317 9 145
318 41 828
319 8 216
320 48 285
321 78 675
322 71 990
323 1 821
324 72 765
325 31 297
326 70 805
327 84 314
328 27 151
329 88 880
330 97 317
331 95 493
332 51 681
333 73 571
334 19 348
335 15 128
336 83 934
337 59 302
338 96 335
339 83 763
340 59 875
341 61 594
342 3 253
343 38 290
344 93 742
345 76 128
346 38 165
347 80 234
348 78 621
349 68 357
350 73 777
351 57 196
352 19 630
353 1 190
354 16 388
355 39 700
356 25 282
357 78 215
358 16 130
359 87 905
360 38 556
361 5 590
362 99 836
363 7 351
364 13 33
365 85 473
366 48 553
367 99 847
368 6 690
369 35 464
370 71 723
371 99 707
372 47 236
373 14 268
374 7 783
375 27 140
376 20 559
377 98 545
378 86 450
379 52 153
380 24 372
381 93 670
382 88 614
383 96 476
384 46 600
385 37 818
386 68 613
387 25 422
388 21 405
389 43 283
390 70 899
391 46 959
392 52 676
393 20 671
394 76 767
395 25 920
396 99 911
397 74 462
398 77 488
399 36 80
400 96 573
401 32 446
402 88 736
403 4 966
404 27 432
405 19 963
406 74 567
407 61 560
408 66 841
409 13 375
410 80 378
411 28 961
412 13 19
413 23 865
414 31 274
415 31 538
416 32 254
417 82 480
418 44 292
419 57 228
420 68 597
421 73 646
422 19 697
423 83 197
424 82 972
425 36 473
426 52 268
427 24 989
428 96 354
429 73 167
430 5 762
431 58 445
432 81 703
433 70 660
434 53 182
435 59 601
436 97 797
437 18 849
438 81 523
439 52 429
440 71 235
441 86 454
442 42 585
443 9 277
444 62 356
445 42 904
446 92 480
447 20 717
448 29 914
449 81 124
450 6 717
451 50 247
452 58 257
453 5 136
454 68 94
455 1 342
456 94 249
457 45 247
458 39 826
459 0 774
460 44 451
461 25 305
462 17 300
463 49 821
464 74 405
465 85 190
466 58 87
467 30 792
468 11 213
469 70 662
470 91 122
471 61 527
472 96 700
473 0 958
474 71 108
475 48 754
476 98 98
477 58 134
478 45 867
479 38 354
480 73 448
481 93 788
482 4 285
483 32 717
484 4 427
485 21 974
486 68 192
487 20 671
488 38 992
489 19 926
490 66 610
491 62 774
492 31 761
493 94 760
494 11 877
495 42 395
496 34 683
497 30 563
498 41 647
499 11 616
500 37 212
