500
1 66 766
2 88 393
3 1 616
4 50 82
5 21 319
6 38 438
7 93 476
8 80 198
9 67 693
10 45 693
11 65 451
12 33 753
13 32 861
14 39 41
15 17 520
16 53 315
17 13 743
18 52 977
19 61 334
20 18 503
21 13 115
22 54 312
23 17 415
24 29 351
25 66 917
26 42 202
27 22 859
28 87 736
29 58 754
30 62 130
31 46 583
32 80 365
33 46 230
34 97 915
35 64 794
36 84 278
37 15 695
38 6 304
39 2 746
40 33 875
41 67 482
42 45 615
43 54 798
44 19 345
45 88 873
46 92 817
47 97 964
48 52 123
49 58 992
50 59 528
51 99 196
52 20 360
53 36 632
54 12 939
55 53 598
56 41 650
57 67 543
58 44 577
59 81 365
60 8 351
61 59 358
62 49 349
63 26 670
64 7 900
65 84 976
66 46 329
67 81 767
68 49 442
69 38 143
70 93 922
71 5 707
72 17 244
73 41 466
74 33 219
75 79 553
76 55 173
77 54 984
78 52 996
79 79 594
80 70 204
81 72 696
82 1 431
83 86 661
84 80 735
85 60 834
86 38 341
87 90 418
88 81 824
89 42 710
90 70 591
91 61 988
92 81 853
93 33 969
94 63 751
95 2 982
96 21 444
97 47 509
98 6 240
99 86 396
100 77 922
101 83 539
102 40 525
103 64 899
104 37 319
105 68 238
106 55 576
107 58 904
108 56 542
109 1 143
110 76 166
111 2 706
112 23 983
113 12 358
114 75 961
115 50 245
116 88 664
117 1 204
118 98 930
119 48 168
120 45 772
121 62 265
122 58 903
123 71 152
124 72 632
125 41 462
126 88 215
127 76 112
128 98 137
129 83 537
130 97 347
131 69 469
132 17 557
133 20 170
134 42 701
135 89 420
136 80 193
137 77 863
138 81 620
139 22 763
140 79 507
141 13 351
142 35 38
143 86 644
144 48 229
145 52 573
146 60 422
147 36 976
148 19 578
149 92 825
150 78 588
151 96 266
152 11 108
153 47 732
154 2 261
155 2 622
156 39 689
157 57 541
158 20 314
159 59 788
160 98 939
161 60 490
162 91 506
163 33 741
164 36 651
165 75 890
166 76 840
167 72 359
168 86 945
169 15 902
170 95 946
171 56 82
172 37 938
173 26 858
174 85 640
175 8 508
176 60 994
177 54 92
178 52 546
179 6 603
180 30 179
181 79 395
182 13 228
183 17 574
184 45 306
185 69 495
186 8 701
187 62 775
188 81 914
189 47 416
190 8 564
191 15 504
192 66 669
193 63 590
194 41 956
195 31 347
196 14 134
197 88 930
198 68 831
199 55 125
200 44 552
201 78 122
202 27 610
203 23 153
204 27 559
205 61 356
206 34 224
207 87 462
208 63 594
209 26 167
210 95 348
211 6 538
212 59 780
213 96 521
214 23 967
215 79 205
216 26 27
217 85 505
218 71 651
219 7 397
220 87 796
221 19 767
222 15 822
223 92 317
224 57 300
225 59 242
226 86 583
227 65 506
228 19 278
229 13 474
230 28 241
231 68 569
232 56 179
233 78 336
234 95 168
235 74 426
236 24 279
237 85 317
238 71 838
239 95 124
240 38 297
241 58 397
242 22 379
243 31 464
244 32 132
245 90 640
246 8 633
247 2 904
248 18 755
249 61 706
250 28 356
251 13 384
252 92 930
253 67 191
254 58 408
255 87 964
256 83 356
257 64 122
258 46 586
259 25 930
260 63 609
261 92 703
262 19 937
263 18 434
264 48 960
265 79 856
266 66 567
267 8 230
268 25 959
269 18 292
270 35 469
271 56 603
272 56 926
273 60 811
274 8 734
275 94 905
276 24 192
277 94 560
278 89 309
279 19 890
280 2 894
281 23 183
282 9 935
283 37 519
284 16 859
285 69 934
286 99 989
287 15 704
288 36 569
289 78 406
290 58 474
291 46 471
292 15 348
293 16 416
294 82 616
295 33 80
296 56 224
297 62 298
298 24 441
299 42 110
300 72 625
301 96 946
302 82 186
303 75 866
304 65 592
305 59 581
306 17 252
307 54 577
308 24 791
309 22 143
310 33 502
311 17 82
312 73 82
313 75 824
314 85 561
315 22 516
316 95 261
317 20 831
318 88 985
319 72 425
320 93 101
321 54 976
322 76 429
323 16 43
324 90 722
325 89 944
326 79 931
327 22 430
328 2 383
329 54 485
330 34 880
331 74 670
332 63 87
333 72 292
334 53 86
335 7 700
336 33 394
337 95 604
338 61 669
339 59 669
340 7 625
341 72 301
342 92 364
343 28 896
344 11 711
345 35 299
346 16 916
347 56 166
348 49 894
349 96 836
350 20 46
351 6 43
352 45 59
353 91 318
354 38 500
355 4 961
356 53 154
357 4 747
358 52 509
359 11 161
360 24 917
361 35 115
362 46 696
363 55 454
364 41 647
365 81 913
366 2 105
367 92 636
368 12 423
369 61 779
370 5 370
371 69 236
372 28 783
373 28 392
374 71 482
375 40 256
376 48 932
377 45 890
378 10 748
379 16 692
380 15 169
381 26 278
382 79 331
383 82 333
384 36 909
385 5 727
386 32 182
387 65 194
388 18 561
389 32 116
390 96 878
391 78 588
392 45 284
393 69 813
394 62 443
395 49 890
396 67 362
397 43 136
398 3 220
399 86 398
400 3 58
401 0 768
402 23 106
403 96 142
404 30 355
405 52 768
406 17 683
407 86 700
408 97 974
409 24 184
410 60 938
411 25 867
412 12 746
413 52 481
414 62 694
415 11 565
416 90 891
417 64 134
418 60 85
419 67 362
420 87 87
421 65 87
422 88 329
423 15 999
424 37 758
425 69 783
426 30 169
427 40 641
428 19 470
429 26 384
430 11 685
431 93 309
432 57 424
433 36 549
434 50 607
435 5 420
436 34 137
437 94 600
438 70 429
439 17 823
440 53 71
441 77 777
442 5 158
443 91 290
444 76 310
445 72 998
446 16 466
447 93 270
448 52 891
449 21 250
450 44 227
451 66 149
452 39 835
453 7 310
454 54 886
455 32 279
456 20 95
457 98 184
458 16 614
459 29 99
460 59 643
461 83 474
462 35 672
463 70 461
464 42 578
465 77 947
466 95 586
467 3 279
468 18 467
469 85 148
470 78 222
471 1 970
472 64 241
473 26 625
474 37 63
475 38 87
476 96 393
477 93 837
478 73 344
479 9 375
480 81 505
481 39 818
482 23 189
483 31 252
484 42 984
485 50 787
486 40 729
487 23 634
488 67 954
489 0 158
490 6 46
491 63 369
492 66 880
493 85 873
494 29 878
495 56 806
496 75 221
497 83 901
498 19 22
499 90 175
500 69 451
