500
1 41 345
2 45 744
3 58 928
4 94 329
5 41 903
6 0 232
7 75 386
8 38 376
9 80 485
10 13 362
11 53 893
12 85 681
13 70 656
14 81 476
15 49 446
16 77 432
17 35 713
18 37 684
19 31 516
20 33 627
21 76 657
22 31 416
23 42 223
24 0 528
25 16 842
26 99 737
27 40 621
28 23 332
29 31 276
30 39 689
31 75 474
32 63 190
33 26 227
34 24 683
35 89 782
36 24 375
37 45 485
38 83 373
39 92 696
40 24 277
41 40 55
42 68 702
43 43 503
44 56 437
45 14 36
46 58 170
47 24 176
48 11 744
49 17 217
50 90 249
51 80 150
52 90 932
53 0 64
54 75 734
55 82 551
56 6 928
57 44 926
58 36 50
59 92 564
60 38 511
61 12 247
62 46 625
63 52 135
64 56 782
65 57 350
66 50 370
67 45 150
68 48 210
69 74 635
70 29 710
71 63 402
72 58 442
73 1 64
74 55 90
75 74 98
76 39 589
77 24 428
78 75 912
79 76 288
80 24 272
81 37 806
82 25 129
83 51 420
84 94 128
85 6 141
86 71 987
87 84 247
88 79 565
89 58 851
90 45 139
91 38 992
92 20 72
93 66 202
94 57 610
95 71 523
96 89 384
97 29 244
98 39 605
99 94 430
100 48 494
101 17 617
102 30 38
103 48 304
104 90 552
105 43 643
106 1 515
107 27 296
108 93 265
109 31 716
110 35 726
111 42 920
112 16 57
113 17 196
114 20 525
115 66 299
116 82 110
117 6 533
118 70 735
119 95 568
120 63 779
121 92 499
122 17 854
123 81 682
124 21 330
125 22 872
126 30 459
127 24 155
128 53 423
129 94 605
130 64 959
131 20 764
132 88 485
133 13 280
134 58 492
135 53 521
136 58 619
137 90 158
138 23 154
139 1 223
140 58 355
141 87 215
142 26 608
143 9 955
144 35 323
145 31 511
146 2 118
147 71 266
148 9 493
149 94 630
150 36 178
151 15 497
152 54 376
153 33 79
154 55 675
155 45 418
156 42 331
157 87 552
158 47 524
159 89 783
160 88 550
161 80 879
162 7 827
163 60 467
164 46 639
165 82 492
166 42 204
167 36 821
168 49 623
169 23 124
170 51 547
171 39 372
172 62 209
173 24 438
174 85 123
175 81 458
176 50 398
177 70 894
178 16 937
179 26 480
180 15 122
181 52 746
182 21 276
183 28 109
184 29 288
185 82 881
186 86 483
187 35 245
188 66 622
189 85 352
190 3 179
191 96 925
192 50 932
193 72 881
194 70 763
195 65 465
196 20 850
197 28 726
198 21 680
199 4 550
200 99 784
201 69 70
202 35 506
203 44 402
204 82 721
205 95 96
206 66 149
207 10 38
208 72 511
209 6 200
210 52 428
211 5 942
212 21 488
213 75 165
214 25 786
215 67 925
216 83 545
217 93 933
218 79 848
219 74 400
220 29 944
221 60 665
222 11 278
223 24 246
224 16 204
225 1 790
226 9 950
227 67 836
228 25 481
229 40 488
230 55 917
231 49 932
232 60 942
233 36 371
234 70 219
235 25 669
236 9 854
237 31 603
238 7 816
239 1 314
240 69 454
241 64 923
242 24 726
243 70 131
244 97 343
245 11 298
246 65 335
247 79 167
248 28 717
249 32 835
250 60 219
251 66 821
252 48 144
253 4 80
254 65 236
255 33 637
256 41 908
257 47 255
258 54 404
259 54 900
260 21 246
261 88 522
262 16 368
263 80 749
264 37 184
265 89 822
266 4 185
267 84 180
268 87 658
269 52 998
270 28 562
271 72 497
272 58 469
273 83 568
274 23 420
275 96 418
276 1 671
277 20 143
278 72 92
279 32 145
280 24 177
281 57 634
282 32 696
283 67 239
284 90 958
285 26 452
286 79 408
287 3 479
288 33 432
289 10 280
290 27 69
291 27 714
292 93 954
293 63 599
294 65 614
295 51 797
296 81 882
297 3 379
298 38 482
299 64 673
300 72 797
301 22 350
302 67 801
303 98 185
304 34 793
305 19 846
306 62 969
307 11 46
308 5 916
309 51 188
310 98 623
311 42 946
312 84 551
313 0 955
314 55 533
315 50 88
316 39 205
317 17 204
318 48 794
319 95 269
320 48 429
321 71 129
322 95 458
323 37 315
324 0 407
325 34 972
326 77 121
327 41 411
328 96 658
329 37 291
330 51 885
331 65 303
332 45 263
333 94 124
334 78 149
335 28 345
336 49 90
337 12 521
338 99 499
339 92 653
340 95 392
341 67 159
342 76 471
343 42 504
344 3 884
345 47 637
346 65 139
347 37 427
348 31 249
349 53 298
350 52 906
351 56 493
352 95 486
353 29 760
354 78 419
355 52 401
356 58 514
357 54 592
358 8 864
359 71 567
360 3 571
361 74 187
362 7 296
363 99 887
364 61 936
365 35 772
366 32 100
367 67 470
368 67 306
369 54 761
370 12 438
371 29 967
372 77 395
373 12 915
374 89 640
375 47 863
376 89 611
377 36 864
378 87 175
379 3 551
380 82 157
381 27 739
382 52 964
383 46 919
384 97 815
385 32 710
386 45 466
387 24 321
388 95 948
389 32 303
390 2 401
391 82 793
392 37 450
393 35 319
394 54 110
395 99 518
396 32 905
397 93 196
398 49 766
399 4 309
400 5 349
401 50 178
402 28 890
403 68 465
404 74 738
405 51 904
406 37 359
407 89 838
408 74 869
409 50 796
410 60 847
411 33 751
412 61 648
413 46 408
414 63 595
415 46 608
416 94 285
417 45 177
418 46 432
419 54 439
420 60 826
421 19 305
422 16 449
423 35 642
424 18 445
425 70 86
426 25 96
427 44 436
428 82 143
429 5 856
430 1 774
431 6 104
432 93 501
433 91 671
434 23 995
435 0 849
436 22 593
437 62 888
438 68 938
439 52 200
440 35 688
441 62 159
442 72 936
443 0 343
444 19 633
445 70 691
446 45 929
447 14 477
448 79 532
449 82 698
450 19 707
451 93 347
452 16 88
453 88 467
454 25 596
455 69 263
456 14 670
457 70 77
458 98 507
459 98 635
460 88 871
461 53 717
462 41 210
463 62 639
464 81 586
465 18 376
466 94 738
467 38 425
468 45 243
469 43 924
470 18 459
471 37 784
472 99 677
473 54 258
474 31 965
475 29 128
476 56 658
477 75 842
478 10 551
479 32 400
480 22 413
481 77 521
482 48 374
483 77 263
484 75 519
485 25 164
486 21 487
487 40 326
488 81 877
489 47 468
490 7 691
491 10 627
492 77 164
493 3 642
494 40 143
495 74 712
496 69 803
497 85 379
498 48 178
499 73 775
500 16 44
