500
1 41 287
2 34 452
3 69 897
4 78 854
5 62 138
6 5 290
7 81 366
8 61 552
9 95 272
10 27 598
11 91 151
12 2 155
13 92 670
14 21 136
15 18 273
16 47 807
17 71 461
18 69 430
19 67 242
20 35 279
21 3 883
22 22 37
23 73 102
24 41 80
25 53 292
26 47 54
27 62 927
28 37 377
29 23 971
30 29 807
31 16 99
32 90 112
33 88 98
34 40 342
35 64 248
36 46 955
37 90 449
38 70 540
39 6 293
40 93 920
41 29 29
42 84 802
43 56 568
44 66 904
45 31 176
46 44 935
47 26 635
48 37 389
49 18 136
50 29 63
51 33 204
52 39 867
53 4 970
54 77 537
55 73 211
56 21 375
57 24 552
58 70 319
59 77 882
60 97 355
61 86 580
62 61 856
63 55 252
64 55 509
65 31 455
66 50 250
67 41 667
68 66 694
69 7 408
70 7 421
71 57 85
72 53 966
73 45 359
74 9 848
75 21 987
76 22 518
77 6 114
78 13 558
79 0 591
80 62 779
81 10 429
82 24 65
83 48 819
84 95 516
85 2 400
86 91 930
87 74 908
88 96 613
89 48 399
90 68 320
91 81 220
92 53 158
93 18 460
94 0 788
95 27 494
96 28 341
97 48 635
98 7 442
99 10 687
100 13 644
101 9 688
102 35 116
103 0 249
104 19 183
105 98 635
106 24 296
107 44 149
108 89 906
109 95 670
110 93 831
111 23 633
112 14 643
113 48 496
114 58 82
115 80 556
116 98 947
117 89 845
118 9 409
119 72 494
120 38 786
121 38 167
122 90 627
123 58 597
124 15 248
125 56 239
126 2 640
127 72 639
128 28 318
129 62 258
130 75 758
131 69 660
132 44 504
133 81 833
134 22 91
135 21 825
136 57 243
137 92 873
138 75 612
139 0 510
140 3 950
141 61 664
142 1 799
143 55 413
144 2 607
145 82 269
146 88 506
147 17 182
148 32 956
149 69 361
150 21 567
151 76 913
152 68 800
153 25 830
154 34 161
155 41 922
156 45 915
157 18 825
158 39 930
159 79 287
160 87 747
161 49 368
162 66 873
163 93 613
164 97 647
165 86 653
166 88 866
167 55 274
168 14 869
169 16 23
170 86 467
171 13 680
172 85 923
173 12 940
174 32 649
175 13 133
176 21 978
177 46 362
178 81 549
179 96 430
180 29 248
181 35 220
182 73 342
183 44 671
184 92 199
185 53 190
186 54 238
187 45 639
188 86 173
189 74 316
190 68 106
191 87 862
192 58 855
193 2 633
194 77 799
195 14 202
196 34 792
197 72 743
198 33 60
199 87 994
200 18 339
201 73 825
202 63 857
203 92 457
204 2 498
205 13 731
206 2 109
207 27 706
208 43 53
209 23 685
210 61 157
211 3 516
212 5 733
213 25 381
214 92 234
215 22 990
216 64 476
217 87 230
218 13 390
219 70 410
220 35 953
221 11 57
222 96 243
223 85 740
224 40 294
225 95 904
226 19 182
227 76 518
228 58 926
229 71 241
230 78 543
231 51 861
232 18 986
233 19 608
234 0 87
235 60 106
236 10 807
237 70 855
238 76 735
239 43 790
240 64 493
241 82 644
242 65 747
243 77 706
244 25 302
245 29 885
246 23 210
247 2 992
248 23 194
249 37 779
250 95 945
251 64 836
252 2 134
253 30 956
254 11 123
255 11 833
256 53 739
257 90 454
258 88 875
259 40 731
260 62 759
261 0 713
262 58 680
263 65 917
264 77 354
265 58 845
266 3 799
267 57 495
268 77 570
269 13 95
270 1 873
271 60 868
272 93 267
273 5 575
274 11 34
275 35 546
276 72 654
277 23 830
278 56 616
279 26 617
280 26 721
281 37 196
282 69 569
283 96 462
284 17 299
285 17 36
286 85 336
287 23 704
288 29 710
289 59 522
290 96 119
291 53 916
292 84 506
293 54 944
294 57 281
295 32 91
296 7 504
297 11 767
298 67 523
299 75 988
300 23 671
301 54 889
302 41 77
303 59 946
304 21 269
305 26 792
306 5 943
307 50 348
308 79 676
309 93 129
310 37 570
311 56 161
312 76 833
313 62 292
314 81 381
315 13 862
316 55 340
317 42 966
318 11 229
319 24 494
320 52 483
321 96 113
322 40 713
323 75 722
324 18 628
325 17 204
326 12 79
327 69 625
328 40 608
329 85 875
330 97 880
331 90 675
332 53 427
333 51 219
334 44 786
335 35 109
336 92 433
337 64 77
338 3 841
339 75 333
340 92 641
341 49 124
342 61 701
343 67 685
344 29 197
345 13 564
346 1 84
347 15 818
348 13 317
349 24 745
350 92 415
351 70 458
352 27 219
353 75 361
354 98 714
355 87 196
356 4 507
357 21 167
358 6 381
359 10 401
360 89 109
361 64 334
362 19 331
363 91 432
364 18 412
365 50 555
366 75 689
367 3 458
368 98 521
369 84 908
370 71 284
371 13 231
372 45 107
373 46 598
374 69 435
375 19 270
376 89 546
377 65 840
378 45 723
379 18 392
380 1 352
381 32 304
382 52 491
383 70 73
384 1 121
385 23 619
386 0 969
387 15 655
388 28 187
389 47 229
390 43 239
391 9 706
392 49 926
393 88 486
394 8 324
395 21 800
396 54 130
397 46 736
398 49 529
399 30 430
400 48 459
401 36 575
402 35 416
403 85 718
404 53 113
405 24 156
406 23 451
407 57 305
408 44 659
409 18 338
410 11 267
411 55 816
412 49 986
413 84 439
414 64 942
415 75 413
416 42 582
417 48 368
418 26 996
419 73 400
420 4 733
421 26 618
422 75 568
423 65 206
424 36 257
425 14 92
426 56 100
427 36 990
428 82 519
429 15 161
430 30 411
431 25 86
432 37 371
433 90 830
434 62 122
435 93 469
436 16 676
437 8 326
438 33 652
439 3 685
440 3 301
441 48 700
442 17 298
443 9 253
444 0 80
445 18 182
446 50 455
447 61 301
448 3 688
449 43 156
450 2 569
451 89 440
452 82 883
453 74 442
454 2 937
455 31 989
456 78 975
457 8 803
458 71 346
459 45 276
460 4 444
461 85 693
462 98 275
463 22 92
464 37 669
465 61 661
466 8 49
467 59 906
468 15 659
469 37 979
470 58 628
471 71 323
472 17 504
473 55 310
474 30 159
475 12 648
476 82 200
477 85 665
478 84 126
479 80 455
480 51 898
481 15 709
482 10 168
483 73 861
484 77 672
485 56 425
486 13 151
487 41 487
488 23 869
489 28 912
490 78 824
491 71 98
492 74 219
493 33 659
494 53 143
495 68 389
496 76 921
497 50 748
498 9 738
499 86 918
500 16 457
