500
1 73 637
2 4 823
3 91 970
4 10 207
5 64 632
6 94 673
7 23 330
8 57 426
9 85 327
10 23 916
11 28 771
12 49 203
13 9 995
14 67 399
15 90 241
16 69 676
17 4 832
18 12 135
19 93 827
20 20 777
21 62 802
22 0 759
23 42 280
24 89 431
25 42 48
26 86 748
27 64 318
28 71 357
29 66 992
30 45 373
31 49 660
32 54 340
33 81 542
34 57 938
35 14 504
36 32 473
37 43 871
38 32 395
39 39 119
40 89 463
41 9 194
42 95 670
43 12 987
44 35 423
45 79 392
46 30 104
47 1 954
48 43 621
49 12 557
50 23 748
51 83 300
52 86 526
53 57 614
54 39 74
55 76 128
56 52 765
57 35 769
58 16 922
59 67 80
60 21 374
61 20 852
62 65 367
63 58 424
64 31 922
65 82 657
66 62 743
67 23 606
68 42 702
69 96 524
70 69 521
71 15 306
72 36 223
73 74 957
74 54 187
75 82 327
76 69 134
77 1 692
78 4 185
79 61 600
80 95 410
81 85 507
82 29 401
83 18 613
84 79 499
85 62 906
86 74 348
87 75 215
88 43 693
89 32 80
90 84 781
91 72 302
92 66 551
93 51 859
94 33 485
95 76 674
96 4 629
97 68 496
98 17 32
99 16 206
100 66 118
101 73 732
102 10 506
103 41 898
104 66 437
105 20 835
106 48 691
107 81 187
108 25 478
109 73 549
110 9 493
111 38 561
112 39 867
113 48 239
114 54 605
115 90 347
116 56 445
117 89 532
118 36 545
119 88 595
120 85 881
121 67 922
122 60 427
123 81 136
124 6 67
125 84 663
126 60 842
127 32 96
128 43 708
129 23 956
130 40 732
131 43 302
132 19 419
133 12 828
134 45 621
135 56 339
136 64 650
137 8 982
138 38 989
139 5 526
140 93 535
141 43 313
142 14 654
143 16 153
144 39 246
145 36 768
146 74 877
147 40 441
148 83 127
149 28 529
150 37 392
151 77 979
152 22 879
153 59 133
154 68 98
155 48 422
156 90 587
157 58 101
158 6 347
159 1 460
160 70 325
161 7 334
162 30 225
163 3 505
164 94 838
165 64 529
166 48 654
167 80 367
168 64 377
169 13 621
170 70 868
171 66 628
172 16 129
173 77 762
174 37 236
175 32 659
176 5 631
177 37 440
178 14 491
179 90 166
180 82 439
181 93 401
182 46 296
183 56 859
184 14 963
185 41 253
186 74 360
187 44 271
188 49 795
189 97 886
190 47 554
191 43 416
192 92 705
193 69 589
194 39 710
195 81 767
196 68 937
197 66 218
198 6 277
199 90 939
200 84 966
201 59 109
202 6 397
203 93 591
204 83 610
205 57 891
206 12 751
207 69 924
208 3 69
209 91 789
210 49 760
211 18 693
212 88 761
213 11 223
214 74 117
215 25 207
216 70 311
217 27 739
218 36 959
219 21 828
220 99 691
221 41 841
222 12 581
223 35 138
224 30 784
225 36 999
226 32 820
227 39 680
228 70 200
229 68 499
230 28 153
231 37 356
232 24 765
233 54 377
234 94 758
235 65 789
236 0 302
237 14 91
238 94 282
239 63 591
240 48 975
241 51 321
242 3 499
243 80 896
244 90 628
245 58 846
246 53 247
247 62 506
248 49 73
249 55 342
250 89 214
251 52 181
252 40 180
253 46 53
254 44 730
255 36 761
256 54 387
257 56 723
258 91 263
259 31 66
260 79 913
261 76 404
262 69 802
263 29 378
264 2 666
265 27 679
266 60 159
267 42 223
268 93 320
269 28 300
270 84 154
271 98 777
272 1 619
273 88 261
274 52 267
275 50 278
276 55 158
277 30 646
278 31 830
279 65 846
280 27 261
281 40 993
282 89 935
283 88 171
284 20 368
285 21 642
286 3 784
287 22 888
288 54 964
289 25 774
290 18 806
291 20 339
292 88 674
293 41 697
294 0 566
295 22 886
296 52 902
297 16 450
298 86 290
299 37 48
300 1 772
301 67 313
302 65 441
303 43 484
304 8 705
305 58 822
306 21 337
307 86 309
308 71 975
309 72 382
310 73 908
311 81 905
312 96 285
313 51 696
314 4 865
315 33 323
316 4 889
317 53 579
318 33 566
319 21 237
320 70 307
321 88 745
322 97 728
323 23 568
324 43 177
325 31 399
326 48 333
327 53 477
328 93 983
329 51 916
330 99 315
331 12 918
332 49 918
333 12 273
334 9 702
335 80 169
336 35 737
337 65 866
338 17 215
339 63 463
340 6 429
341 43 323
342 93 617
343 42 662
344 33 792
345 2 69
346 59 133
347 7 76
348 43 118
349 51 243
350 95 508
351 41 371
352 20 195
353 44 234
354 58 732
355 38 599
356 38 889
357 35 240
358 82 267
359 80 261
360 25 227
361 4 470
362 12 172
363 45 220
364 44 681
365 94 469
366 32 41
367 16 477
368 61 743
369 30 106
370 32 147
371 73 848
372 80 635
373 87 571
374 89 430
375 60 441
376 97 681
377 63 523
378 21 251
379 15 878
380 34 611
381 37 614
382 64 298
383 11 482
384 46 955
385 37 978
386 55 966
387 51 55
388 52 971
389 20 561
390 60 687
391 73 691
392 33 82
393 1 379
394 87 576
395 0 615
396 9 297
397 61 294
398 70 573
399 64 777
400 50 710
401 91 343
402 43 505
403 21 781
404 98 849
405 33 992
406 9 270
407 68 383
408 64 957
409 49 540
410 46 660
411 44 727
412 59 827
413 85 191
414 68 595
415 6 211
416 35 694
417 64 849
418 51 211
419 25 549
420 46 384
421 38 95
422 21 301
423 24 920
424 15 389
425 52 695
426 70 277
427 19 801
428 87 726
429 45 796
430 44 195
431 62 173
432 15 711
433 2 599
434 4 677
435 33 848
436 11 372
437 24 711
438 83 570
439 45 625
440 26 825
441 97 735
442 71 909
443 62 244
444 84 922
445 18 36
446 19 255
447 18 45
448 59 215
449 3 351
450 98 455
451 45 363
452 30 950
453 25 584
454 21 526
455 35 672
456 93 385
457 48 488
458 92 206
459 0 244
460 31 396
461 95 743
462 53 286
463 92 341
464 19 97
465 71 448
466 61 174
467 52 563
468 23 655
469 56 604
470 61 356
471 23 599
472 28 103
473 53 990
474 82 90
475 57 631
476 92 763
477 76 689
478 42 971
479 60 300
480 38 916
481 20 605
482 29 96
483 41 582
484 34 755
485 70 832
486 0 560
487 64 589
488 99 128
489 65 353
490 29 697
491 54 270
492 19 117
493 10 478
494 17 907
495 25 606
496 10 753
497 48 930
498 69 758
499 99 326
500 55 234
