500
1 15 273
2 17 606
3 99 537
4 43 882
5 82 586
6 87 230
7 12 42
8 37 62
9 91 902
10 18 887
11 77 318
12 52 835
13 30 129
14 1 38
15 87 250
16 29 240
17 87 429
18 27 758
19 77 177
20 46 947
21 82 373
22 39 165
23 69 165
24 62 274
25 60 612
26 5 626
27 20 880
28 41 837
29 39 635
30 24 239
31 5 965
32 89 892
33 82 400
34 53 705
35 30 731
36 6 202
37 87 183
38 27 754
39 22 989
40 7 471
41 14 317
42 49 239
43 10 645
44 35 743
45 85 119
46 13 413
47 76 799
48 77 112
49 22 971
50 29 556
51 27 695
52 0 248
53 75 955
54 57 724
55 96 840
56 92 665
57 51 541
58 30 573
59 47 687
60 55 564
61 35 629
62 46 204
63 36 443
64 5 662
65 78 426
66 81 366
67 99 105
68 92 149
69 8 252
70 41 816
71 76 368
72 57 164
73 46 430
74 32 359
75 27 344
76 41 114
77 37 914
78 37 353
79 50 904
80 40 917
81 27 735
82 46 277
83 38 423
84 98 948
85 21 117
86 93 906
87 6 121
88 93 444
89 16 530
90 38 938
91 75 171
92 21 337
93 83 456
94 99 350
95 9 493
96 68 107
97 95 129
98 28 542
99 32 602
100 58 252
101 63 740
102 31 348
103 60 666
104 49 641
105 60 783
106 73 207
107 6 126
108 74 596
109 46 820
110 20 726
111 69 965
112 27 686
113 84 619
114 67 849
115 30 881
116 91 437
117 93 630
118 9 597
119 40 883
120 22 669
121 50 75
122 62 366
123 69 499
124 1 870
125 5 576
126 87 908
127 79 941
128 78 813
129 9 66
130 6 810
131 43 509
132 42 495
133 83 681
134 17 982
135 9 880
136 97 280
137 42 218
138 67 882
139 3 888
140 55 712
141 56 949
142 62 245
143 50 389
144 65 95
145 27 582
146 27 881
147 76 481
148 75 696
149 81 423
150 15 638
151 60 916
152 81 992
153 33 587
154 84 803
155 44 884
156 74 698
157 35 577
158 35 616
159 86 317
160 20 854
161 44 869
162 12 700
163 96 611
164 6 6
165 16 47
166 33 676
167 76 533
168 65 831
169 98 946
170 19 133
171 24 731
172 50 534
173 95 735
174 75 369
175 87 987
176 62 197
177 8 604
178 82 374
179 95 167
180 35 823
181 59 473
182 38 694
183 73 232
184 60 941
185 93 524
186 6 116
187 68 280
188 65 139
189 27 111
190 14 308
191 50 499
192 28 185
193 77 200
194 25 656
195 65 498
196 53 511
197 26 985
198 65 715
199 27 239
200 31 434
201 83 426
202 23 771
203 63 308
204 49 210
205 40 742
206 91 939
207 98 950
208 78 897
209 25 985
210 69 594
211 23 761
212 2 211
213 82 817
214 55 837
215 7 942
216 30 301
217 11 632
218 44 251
219 89 519
220 56 236
221 17 43
222 48 816
223 80 570
224 88 430
225 67 917
226 73 208
227 48 268
228 76 839
229 98 981
230 16 385
231 80 286
232 61 199
233 33 94
234 85 695
235 91 239
236 88 840
237 86 379
238 59 656
239 10 496
240 90 401
241 64 778
242 74 838
243 48 660
244 92 308
245 58 987
246 59 340
247 39 592
248 48 732
249 50 596
250 96 846
251 8 678
252 37 302
253 23 438
254 41 296
255 30 274
256 0 993
257 54 880
258 4 566
259 24 385
260 81 886
261 27 714
262 2 63
263 38 713
264 34 577
265 5 935
266 32 840
267 36 642
268 17 814
269 77 794
270 10 70
271 8 799
272 89 315
273 91 777
274 35 481
275 39 499
276 69 194
277 44 915
278 95 806
279 95 762
280 16 487
281 22 160
282 48 304
283 72 584
284 90 127
285 47 878
286 86 706
287 6 515
288 14 288
289 67 744
290 11 636
291 53 545
292 26 800
293 29 672
294 27 350
295 86 249
296 47 281
297 70 680
298 5 734
299 71 530
300 42 458
301 42 848
302 25 681
303 18 894
304 51 221
305 57 518
306 75 680
307 51 530
308 50 438
309 47 119
310 90 369
311 17 44
312 60 476
313 92 521
314 99 913
315 49 392
316 43 320
317 44 308
318 86 745
319 64 320
320 32 790
321 45 493
322 9 93
323 47 743
324 19 261
325 36 267
326 44 346
327 90 735
328 46 911
329 48 333
330 62 276
331 19 773
332 82 851
333 87 472
334 66 227
335 90 211
336 36 397
337 95 231
338 63 627
339 20 236
340 33 589
341 55 112
342 21 902
343 1 687
344 16 227
345 38 328
346 97 274
347 88 403
348 70 389
349 15 381
350 65 337
351 74 632
352 37 466
353 48 433
354 58 801
355 71 549
356 82 995
357 65 981
358 20 432
359 4 682
360 97 628
361 43 449
362 78 398
363 24 739
364 73 277
365 78 286
366 19 102
367 88 574
368 21 931
369 23 34
370 86 750
371 66 154
372 68 566
373 76 118
374 46 809
375 53 969
376 38 939
377 22 57
378 11 357
379 87 266
380 37 492
381 78 888
382 64 974
383 94 845
384 65 641
385 84 317
386 6 325
387 0 984
388 89 894
389 11 67
390 7 582
391 27 91
392 43 293
393 12 339
394 77 512
395 6 527
396 35 686
397 59 697
398 11 950
399 90 344
400 97 859
401 7 925
402 15 422
403 94 106
404 55 653
405 34 417
406 11 657
407 3 17
408 0 41
409 60 393
410 23 373
411 32 479
412 87 918
413 39 790
414 37 482
415 63 689
416 1 214
417 13 194
418 14 309
419 98 985
420 98 371
421 90 388
422 74 210
423 48 826
424 84 688
425 26 399
426 35 597
427 77 780
428 5 45
429 20 205
430 58 93
431 98 472
432 8 541
433 66 613
434 5 383
435 90 841
436 40 857
437 2 915
438 43 794
439 26 228
440 57 60
441 46 594
442 68 798
443 86 814
444 49 682
445 13 500
446 58 960
447 37 222
448 75 897
449 76 822
450 29 483
451 10 277
452 84 123
453 35 921
454 40 728
455 29 219
456 33 126
457 37 396
458 45 398
459 94 932
460 34 520
461 75 766
462 25 901
463 55 239
464 78 547
465 33 722
466 25 426
467 25 715
468 89 644
469 35 792
470 19 491
471 14 568
472 13 217
473 26 264
474 27 330
475 66 83
476 65 472
477 73 509
478 50 153
479 53 130
480 9 397
481 0 771
482 11 877
483 63 322
484 68 158
485 60 448
486 73 323
487 60 478
488 85 426
489 85 724
490 46 901
491 96 733
492 94 94
493 19 352
494 27 925
495 61 576
496 52 943
497 90 97
498 65 254
499 84 549
500 53 64
