500
1 60 388
2 82 212
3 6 920
4 79 134
5 87 234
6 69 129
7 40 755
8 66 953
9 9 782
10 17 593
11 53 195
12 58 767
13 43 682
14 66 601
15 40 574
16 37 396
17 12 181
18 51 848
19 17 900
20 92 353
21 30 643
22 96 110
23 89 251
24 9 56
25 44 720
26 82 193
27 20 953
28 92 526
29 14 709
30 7 292
31 5 788
32 11 133
33 93 710
34 3 85
35 62 373
36 46 381
37 48 872
38 24 87
39 54 505
40 27 65
41 40 942
42 27 360
43 17 391
44 42 772
45 0 558
46 76 458
47 35 60
48 31 977
49 37 252
50 22 993
51 29 139
52 11 886
53 80 373
54 93 553
55 85 993
56 43 419
57 55 156
58 70 82
59 75 831
60 40 334
61 40 346
62 34 758
63 39 935
64 96 464
65 62 726
66 31 762
67 64 797
68 48 92
69 70 870
70 82 957
71 93 610
72 32 684
73 31 106
74 4 130
75 26 456
76 38 599
77 23 188
78 41 544
79 95 773
80 59 481
81 28 525
82 88 670
83 13 317
84 69 735
85 79 947
86 37 550
87 15 652
88 23 941
89 48 859
90 53 849
91 95 857
92 8 100
93 11 158
94 65 666
95 2 646
96 28 68
97 5 15
98 23 275
99 15 568
100 5 804
101 78 875
102 40 873
103 85 450
104 68 762
105 33 380
106 48 241
107 32 800
108 10 982
109 82 115
110 6 701
111 60 571
112 27 353
113 43 241
114 33 160
115 71 242
116 42 809
117 79 720
118 12 893
119 30 611
120 34 632
121 26 88
122 91 899
123 88 219
124 19 997
125 24 573
126 35 714
127 94 958
128 67 297
129 5 206
130 86 223
131 40 997
132 50 759
133 78 452
134 77 634
135 42 594
136 11 291
137 43 584
138 16 63
139 4 94
140 68 953
141 35 733
142 25 63
143 23 841
144 18 799
145 96 299
146 86 190
147 46 377
148 22 219
149 80 535
150 58 529
151 70 130
152 73 692
153 13 506
154 96 816
155 50 191
156 41 892
157 25 938
158 24 385
159 95 158
160 94 839
161 67 795
162 40 159
163 41 904
164 34 64
165 0 907
166 21 301
167 93 675
168 17 760
169 43 710
170 39 220
171 25 653
172 78 684
173 50 142
174 44 182
175 23 928
176 36 735
177 46 872
178 61 209
179 38 293
180 86 953
181 99 531
182 28 323
183 51 172
184 91 986
185 17 305
186 93 559
187 21 416
188 67 376
189 44 305
190 1 332
191 42 440
192 68 944
193 41 993
194 62 464
195 44 238
196 25 769
197 84 854
198 84 467
199 49 896
200 95 833
201 32 331
202 37 850
203 63 966
204 19 765
205 17 74
206 18 88
207 52 794
208 69 249
209 37 508
210 24 744
211 27 931
212 93 498
213 71 799
214 93 109
215 14 384
216 84 279
217 95 661
218 93 868
219 98 284
220 99 573
221 93 143
222 49 509
223 14 467
224 69 426
225 65 68
226 38 709
227 52 827
228 8 357
229 88 477
230 31 943
231 6 391
232 68 897
233 58 447
234 47 264
235 38 110
236 23 929
237 6 255
238 56 193
239 51 331
240 18 144
241 97 194
242 91 771
243 10 83
244 51 308
245 44 887
246 41 737
247 78 417
248 5 639
249 85 162
250 24 636
251 56 373
252 27 582
253 2 316
254 68 582
255 79 307
256 89 826
257 90 835
258 10 312
259 89 966
260 50 362
261 22 815
262 72 852
263 77 92
264 76 582
265 85 712
266 51 80
267 51 582
268 35 323
269 72 356
270 16 744
271 11 488
272 38 398
273 39 51
274 56 610
275 2 812
276 88 253
277 86 484
278 77 706
279 79 317
280 49 378
281 45 343
282 62 170
283 19 886
284 91 502
285 85 441
286 6 738
287 54 741
288 9 217
289 21 302
290 65 186
291 60 577
292 35 400
293 77 436
294 5 926
295 88 523
296 43 194
297 30 387
298 55 802
299 53 848
300 54 343
301 88 679
302 8 566
303 40 959
304 97 774
305 54 358
306 37 892
307 99 257
308 13 54
309 82 213
310 51 996
311 37 255
312 0 864
313 83 936
314 68 846
315 68 88
316 41 921
317 37 165
318 99 364
319 69 722
320 56 868
321 40 607
322 12 978
323 20 155
324 63 371
325 97 714
326 74 948
327 53 646
328 78 520
329 24 806
330 75 624
331 12 320
332 24 488
333 4 938
334 55 68
335 62 147
336 84 428
337 22 647
338 97 180
339 50 487
340 17 91
341 31 910
342 5 386
343 57 998
344 90 168
345 85 487
346 84 676
347 25 246
348 55 313
349 38 64
350 28 663
351 42 381
352 6 809
353 53 376
354 5 271
355 9 59
356 54 193
357 39 298
358 9 636
359 99 254
360 36 925
361 47 417
362 13 91
363 12 244
364 9 102
365 30 390
366 34 221
367 86 867
368 66 476
369 36 865
370 16 989
371 49 588
372 44 833
373 85 665
374 90 365
375 25 568
376 68 754
377 29 733
378 41 266
379 36 448
380 16 966
381 84 435
382 28 748
383 4 744
384 23 985
385 11 227
386 50 154
387 83 758
388 41 793
389 45 46
390 88 544
391 7 329
392 57 103
393 99 159
394 55 676
395 90 802
396 58 692
397 17 783
398 67 841
399 34 266
400 62 704
401 39 582
402 95 231
403 14 504
404 86 795
405 76 950
406 79 145
407 12 748
408 64 869
409 70 528
410 12 276
411 61 71
412 0 643
413 56 181
414 47 268
415 8 370
416 52 83
417 18 815
418 7 445
419 47 481
420 75 188
421 9 497
422 42 95
423 36 845
424 1 61
425 29 996
426 36 549
427 97 608
428 98 692
429 5 248
430 32 737
431 16 721
432 79 813
433 27 825
434 13 525
435 40 856
436 88 815
437 89 136
438 59 208
439 71 129
440 64 894
441 12 232
442 59 976
443 74 101
444 59 484
445 49 938
446 22 113
447 16 633
448 52 617
449 91 229
450 10 187
451 55 612
452 24 678
453 39 572
454 48 196
455 34 82
456 41 282
457 68 470
458 76 593
459 33 373
460 45 873
461 15 334
462 52 898
463 56 92
464 66 703
465 44 736
466 34 840
467 76 155
468 5 33
469 91 826
470 65 361
471 71 756
472 0 217
473 16 975
474 24 496
475 5 167
476 2 682
477 75 671
478 32 781
479 46 283
480 3 194
481 1 335
482 53 403
483 49 918
484 5 471
485 25 720
486 36 975
487 93 532
488 32 816
489 96 594
490 76 224
491 50 140
492 95 372
493 50 765
494 36 477
495 60 644
496 29 621
497 50 582
498 6 948
499 84 798
500 17 692
